{
	"class_name" : "PinholeCameraTrajectory",
    "parameters" :
    [
        {
            "class_name" : "PinholeCameraParameters",
            "extrinsic" : 
            [
                0.94155254575322289,
                0.078258364905023137,
                -0.32764986175491884,
                0.0,
                0.33686385614024922,
                -0.21514328767162738,
                0.91664393752217943,
                0.0,
                0.0012433872874804961,
                -0.97344182881784769,
                -0.2289311247860755,
                0.0,
                -1.1097318506831841,
                13.570976101453581,
                11.806424514714717,
                1.0
            ],
            "intrinsic" : 
            {
                "height" : 1016,
                "intrinsic_matrix" : 
                [
                    879.88181024498977,
                    0.0,
                    0.0,
                    0.0,
                    879.88181024498977,
                    0.0,
                    923.5,
                    507.5,
                    1.0
                ],
                "width" : 1848
            },
            "version_major" : 1,
            "version_minor" : 0
        },
        {
            "class_name" : "PinholeCameraParameters",
            "extrinsic" : 
            [
                0.73269013688236628,
                0.13149085316817141,
                -0.66773896010971678,
                0.0,
                0.68035472363645699,
                -0.16575556033386732,
                0.71389252989785934,
                0.0,
                -0.016811107663086158,
                -0.97736137111690269,
                -0.21090788725798787,
                0.0,
                -16.21642377977745,
                12.407353707040251,
                15.111238748555071,
                1.0
            ],
            "intrinsic" : 
            {
                "height" : 1016,
                "intrinsic_matrix" : 
                [
                    879.88181024498977,
                    0.0,
                    0.0,
                    0.0,
                    879.88181024498977,
                    0.0,
                    923.5,
                    507.5,
                    1.0
                ],
                "width" : 1848
            },
            "version_major" : 1,
            "version_minor" : 0
        },
        {
            "class_name" : "PinholeCameraParameters",
            "extrinsic" : 
            [
                0.35819172941595528,
                0.17747216633806132,
                -0.9166255043109387,
                0.0,
                0.93347823340879799,
                -0.049350092435588196,
                0.35522240375374525,
                0.0,
                0.017806536159428177,
                -0.98288768358947021,
                -0.18334319926882633,
                0.0,
                -30.234250181787385,
                8.6902401328747221,
                25.223473069771199,
                1.0
            ],
            "intrinsic" : 
            {
                "height" : 1016,
                "intrinsic_matrix" : 
                [
                    879.88181024498977,
                    0.0,
                    0.0,
                    0.0,
                    879.88181024498977,
                    0.0,
                    923.5,
                    507.5,
                    1.0
                ],
                "width" : 1848
            },
            "version_major" : 1,
            "version_minor" : 0
        },
        {
            "class_name" : "PinholeCameraParameters",
            "extrinsic" : 
            [
                -0.17612121429671099,
                0.1657598034954228,
                -0.97031180834812636,
                0.0,
                0.98401225032388717,
                0.0031299626766645994,
                -0.17807328420109078,
                0.0,
                -0.026480352852100816,
                -0.98616118909577932,
                -0.16366093007809376,
                0.0,
                -38.31692799100658,
                6.6277425495348243,
                44.169198611517459,
                1.0
            ],
            "intrinsic" : 
            {
                "height" : 1016,
                "intrinsic_matrix" : 
                [
                    879.88181024498977,
                    0.0,
                    0.0,
                    0.0,
                    879.88181024498977,
                    0.0,
                    923.5,
                    507.5,
                    1.0
                ],
                "width" : 1848
            },
            "version_major" : 1,
            "version_minor" : 0
        },
        {
            "class_name" : "PinholeCameraParameters",
            "extrinsic" : 
            [
                -0.67161806227258358,
                0.11227728048069362,
                -0.73234076133797155,
                0.0,
                0.74086444242672644,
                0.092429709512566724,
                -0.66526432847940864,
                0.0,
                -0.0070040257678021939,
                -0.98936876900743254,
                -0.14525970719976608,
                0.0,
                -35.398209437522226,
                2.7030247645117846,
                64.929235507801479,
                1.0
            ],
            "intrinsic" : 
            {
                "height" : 1016,
                "intrinsic_matrix" : 
                [
                    879.88181024498977,
                    0.0,
                    0.0,
                    0.0,
                    879.88181024498977,
                    0.0,
                    923.5,
                    507.5,
                    1.0
                ],
                "width" : 1848
            },
            "version_major" : 1,
            "version_minor" : 0
        },
        {
            "class_name" : "PinholeCameraParameters",
            "extrinsic" : 
            [
                -0.99127945036370091,
                -0.034190634550271257,
                -0.12726370965710912,
                0.0,
                0.12079939162554988,
                0.15012288707368135,
                -0.9812597137147534,
                0.0,
                0.052655087783956896,
                -0.98807596837779255,
                -0.14468352513244648,
                0.0,
                -16.642891338932682,
                -1.1956849830182872,
                83.873532761262993,
                1.0
            ],
            "intrinsic" : 
            {
                "height" : 1016,
                "intrinsic_matrix" : 
                [
                    879.88181024498977,
                    0.0,
                    0.0,
                    0.0,
                    879.88181024498977,
                    0.0,
                    923.5,
                    507.5,
                    1.0
                ],
                "width" : 1848
            },
            "version_major" : 1,
            "version_minor" : 0
        },
        {
            "class_name" : "PinholeCameraParameters",
            "extrinsic" : 
            [
                -0.67315750700162258,
                -0.12875740848234649,
                0.72820361199891803,
                0.0,
                -0.7389180365213277,
                0.078084069024668523,
                -0.66925556663207275,
                0.0,
                0.029310511268593596,
                -0.98859719194698348,
                -0.14770404870453852,
                0.0,
                19.034579009177442,
                0.32802660917764292,
                82.665992181872937,
                1.0
            ],
            "intrinsic" : 
            {
                "height" : 1016,
                "intrinsic_matrix" : 
                [
                    879.88181024498977,
                    0.0,
                    0.0,
                    0.0,
                    879.88181024498977,
                    0.0,
                    923.5,
                    507.5,
                    1.0
                ],
                "width" : 1848
            },
            "version_major" : 1,
            "version_minor" : 0
        },
        {
            "class_name" : "PinholeCameraParameters",
            "extrinsic" : 
            [
                0.027586457508384021,
                -0.096262813130451375,
                0.99497359672020946,
                0.0,
                -0.99959304898205559,
                -0.009886610721630119,
                0.026758014784302203,
                0.0,
                0.0072611148521497674,
                -0.99530685004005215,
                -0.0964963754472319,
                0.0,
                37.197018096768936,
                3.9988436860658796,
                59.936662508902927,
                1.0
            ],
            "intrinsic" : 
            {
                "height" : 1016,
                "intrinsic_matrix" : 
                [
                    879.88181024498977,
                    0.0,
                    0.0,
                    0.0,
                    879.88181024498977,
                    0.0,
                    923.5,
                    507.5,
                    1.0
                ],
                "width" : 1848
            },
            "version_major" : 1,
            "version_minor" : 0
        },
        {
            "class_name" : "PinholeCameraParameters",
            "extrinsic" : 
            [
                0.69129068952428552,
                -0.036333782423076132,
                0.7216626904807194,
                0.0,
                -0.72204896620940073,
                -0.07290137681525885,
                0.68799031944815581,
                0.0,
                0.027612913156236506,
                -0.99667710193084724,
                -0.076630813082949417,
                0.0,
                34.84116440030688,
                7.0528773835179335,
                32.142322742824767,
                1.0
            ],
            "intrinsic" : 
            {
                "height" : 1016,
                "intrinsic_matrix" : 
                [
                    879.88181024498977,
                    0.0,
                    0.0,
                    0.0,
                    879.88181024498977,
                    0.0,
                    923.5,
                    507.5,
                    1.0
                ],
                "width" : 1848
            },
            "version_major" : 1,
            "version_minor" : 0
        },
        {
            "class_name" : "PinholeCameraParameters",
            "extrinsic" : 
            [
                0.99888324192543909,
                0.013160821452842614,
                -0.045376885957624256,
                0.0,
                0.045681471443580493,
                -0.02384806782307063,
                0.99867135376351701,
                0.0,
                0.012061184323033105,
                -0.99962896238544063,
                -0.024422640990138616,
                0.0,
                10.277153070384244,
                5.8519552181220353,
                11.190829211782466,
                1.0
            ],
            "intrinsic" : 
            {
                "height" : 1016,
                "intrinsic_matrix" : 
                [
                    879.88181024498977,
                    0.0,
                    0.0,
                    0.0,
                    879.88181024498977,
                    0.0,
                    923.5,
                    507.5,
                    1.0
                ],
                "width" : 1848
            },
            "version_major" : 1,
            "version_minor" : 0
        }
    ],
	"version_major" : 1,
	"version_minor" : 0
}
